[edit:key]:
  AM4:   amd ryzen 7 + amd radeon raphics(any suffix());
[edit:int]:
  int86: Intel i9 + amd readeon or arc* data(26);
[edit:x686_64def]:
  x64: 
      [ 1 0 1 0 0 1 0 1 ]
      [ 1 0 1 1 0 0 0 1 ]
      [ 1 0 1 0 0 1 1 1 ]
      [ 1 0 1 1 1 0 0 0 ]
      [ 0 1 0 0 0 1 0 1 ]
      [ 0 1 0 0 1 1 1 0 ]
      [ 0 1 0 0 0 1 0 0 ]
      [ 0 1 0 0 0 1 0 1 ]
  x86 + 2:
      [ 1 0 1 0 0 1 0 1 ]
      [ 1 0 1 1 0 0 0 1 ]
      [ 1 0 1 0 0 1 1 1 ]
      [ 1 0 1 1 1 0 0 0 ]
      [ 0 1 0 0 0 1 0 1 ]
      [ 0 1 0 0 1 1 1 0 ]
      [ 0 1 0 0 0 1 0 0 ]
      [ 0 1 0 0 0 1 0 1 ]
      [ 0 1 1 1 1 0 0 0 ]
      [ 0 0 0 0 1 1 0 0 ] 
      [ 0 1 0 1 0 1 0 1 ]
